DEC=72.912926
RA=262.352672
ORIENTATION=-103.069845