IMG_X=1280
IMG_Y= 960
PIXSCALE=48.1688088104
DB_REDUNDANCY=1
DOUBLE_STAR_PX=3.5
REQUIRED_STARS=5
MAX_FALSE_STARS=2
BASE_FLUX=371930.855833
THRESH_FACTOR=5
IMAGE_VARIANCE=1.87103193813
POS_ERR_SIGMA=2
POS_VARIANCE=0.336555820252
APERTURE=60.7
EXPOSURE_TIME=0.03
